function [Vn,Pc,Vz,Vy,Vx,angle_sum ] = opti_data( )
%优化算法的预处理数据
%   此处显示详细说明

% A1{1}=[5,1.01076,5.2;4.9848,2.4,2.8;1.3097,1.8557,6.6953;1.9985,0.1802,9.0516];
%   A1{2}=[2.1308,3.2,9.5;1.7296,1.6221,8.6583;0.3688,4.4399,1.1917;2.7272,7.6677,9.5528];
%    A1{3}=[7.3915,9.9859,9.1927;8.1,6.5,9.1653;7.3,3.6,9.3174;2.5362,5.1352,9.8894];


Vn=[0.0476,0.9983,-0.0351;0.0381,-0.1214,-0.9919;];
Pc=[1.5096,1.5224,1.7609;2.2006,1.0838,2.6805;];
Vx=[0.0422,-0.0371,-0.9984;0.0510,0.9915,-0.1194;];
Vy=[-0.9980,0.0460,-0.0439;-0.9980,0.0460,-0.0439;];
Vz=[0.0476,0.9983,-0.0351;-0.0381,0.1214,0.9919;];
angle_sum=[1.4861,];
end

