map_border=[0,0;5,0;5,5;0,5];   %壁面边界
obs_border=[1.5,2;2.4,2;2.4,2.1;1.5,2.1;       %障碍物边界
            3,1.2;3.5,1.2;3.5,1.7;3,1.7;
            1.8,3;1.9,3;1.9,4;1.8,4;
            3.5,3;4.5,3;4.5,4.2;3.5,4.2;];
obs_height=[0.3,0.2,0.3,0.2];              %障碍物高度，对应障碍物边界顺序