
ps1=[3.40983,7.62973,2.2369
3.34353,7.5549,2.23933
3.27723,7.48008,2.24175
3.4056,7.76806,2.26597
3.3393,7.69324,2.2684
3.273,7.61842,2.27082
3.2067,7.54359,2.27325
3.1404,7.46877,2.27567
3.33507,7.83158,2.29747
3.26877,7.75675,2.29989
3.20247,7.68193,2.30232
3.13617,7.60711,2.30474
3.06988,7.53228,2.30717
3.00358,7.45746,2.30959
3.26454,7.89509,2.32896
3.19824,7.82027,2.33139
3.13195,7.74544,2.33381
3.06565,7.67062,2.33624
2.99935,7.5958,2.33866
2.93305,7.52097,2.34109
3.19402,7.9586,2.36046
3.12772,7.88378,2.36288
3.06142,7.80896,2.36531
2.99512,7.73413,2.36773
2.92882,7.65931,2.37016
2.86252,7.58449,2.37259
2.79622,7.50966,2.37501
3.12349,8.02212,2.39196
3.05719,7.94729,2.39438
2.99089,7.87247,2.39681
2.92459,7.79765,2.39923
2.85829,7.72282,2.40166
2.79199,7.648,2.40408
2.72569,7.57317,2.40651
3.05296,8.08563,2.42345
2.98666,8.01081,2.42588
2.92036,7.93598,2.4283
2.85406,7.86116,2.43073
2.78777,7.78634,2.43315
2.72147,7.71151,2.43558
2.65517,7.63669,2.438
2.58887,7.56186,2.44043
2.98243,8.14914,2.45495
2.91613,8.07432,2.45737
2.84984,7.9995,2.4598
2.78354,7.92467,2.46222
2.71724,7.84985,2.46465
2.65094,7.77502,2.46707
2.58464,7.7002,2.4695
2.51834,7.62538,2.47192
2.91191,8.21266,2.48644
2.84561,8.13783,2.48887
2.77931,8.06301,2.49129
2.71301,7.98819,2.49372
2.64671,7.91336,2.49614
2.58041,7.83854,2.49857
2.51411,7.76371,2.50099
2.44781,7.68889,2.50342
2.38151,7.61407,2.50584
2.84138,8.27617,2.51794
2.77508,8.20135,2.52036
2.70878,8.12652,2.52279
2.64248,8.0517,2.52521
2.57618,7.97687,2.52764
2.50988,7.90205,2.53006
2.44358,7.82723,2.53249
2.37729,7.7524,2.53491
2.31099,7.67758,2.53734
];

ps2=[6.87776,6.92608,5.35543
6.95649,6.86621,5.3407
6.9923,6.89117,5.43067
7.03523,6.80634,5.32598
7.07103,6.8313,5.41595
7.10684,6.85626,5.50592
7.11396,6.74647,5.31125
7.14977,6.77143,5.40123
7.18557,6.79639,5.4912
7.22138,6.82135,5.58117
7.19269,6.6866,5.29653
7.2285,6.71156,5.3865
7.2643,6.73652,5.47648
7.30011,6.76148,5.56645
7.33591,6.78644,5.65642
7.27142,6.62673,5.28181
7.30723,6.65169,5.37178
7.34304,6.67665,5.46175
7.37884,6.70161,5.55172
7.41465,6.72657,5.6417
7.45045,6.75153,5.73167
7.35016,6.56686,5.26708
7.38596,6.59182,5.35706
7.42177,6.61678,5.44703
7.45757,6.64174,5.537
7.49338,6.6667,5.62697
7.52919,6.69166,5.71694
7.56499,6.71662,5.80692
7.42889,6.50699,5.25236
7.4647,6.53195,5.34233
7.5005,6.55691,5.4323
7.53631,6.58187,5.52228
7.57211,6.60683,5.61225
7.60792,6.63179,5.70222
7.64372,6.65676,5.79219
7.67953,6.68172,5.88216
7.50762,6.44712,5.23764
7.54343,6.47208,5.32761
7.57923,6.49704,5.41758
7.61504,6.522,5.50755
7.65085,6.54696,5.59752
7.68665,6.57193,5.6875
7.72246,6.59689,5.77747
7.75826,6.62185,5.86744
7.79407,6.64681,5.95741
7.58636,6.38725,5.22291
7.62216,6.41221,5.31289
7.65797,6.43717,5.40286
7.69377,6.46213,5.49283
7.72958,6.4871,5.5828
7.76538,6.51206,5.67277
7.80119,6.53702,5.76274
7.83699,6.56198,5.85272
7.8728,6.58694,5.94269
7.90861,6.6119,6.03266
7.66509,6.32738,5.20819
7.70089,6.35234,5.29816
7.7367,6.3773,5.38813
7.77251,6.40227,5.47811
7.80831,6.42723,5.56808
7.84412,6.45219,5.65805
7.87992,6.47715,5.74802
7.91573,6.50211,5.83799
7.95153,6.52707,5.92797
7.98734,6.55203,6.01794
7.74382,6.26751,5.19347
7.77963,6.29247,5.28344
7.81543,6.31744,5.37341
7.85124,6.3424,5.46338
7.88704,6.36736,5.55335
7.92285,6.39232,5.64333
7.95865,6.41728,5.7333
7.99446,6.44224,5.82327
8.03027,6.4672,5.91324
8.06607,6.49216,6.00321
8.10188,6.51712,6.09319
7.82255,6.20765,5.17874
7.85836,6.23261,5.26871
7.89417,6.25757,5.35869
7.92997,6.28253,5.44866
7.96578,6.30749,5.53863
8.00158,6.33245,5.6286
8.03739,6.35741,5.71857
8.07319,6.38237,5.80855
8.109,6.40733,5.89852
8.1448,6.43229,5.98849
8.18061,6.45725,6.07846
8.21642,6.48221,6.16843
7.90129,6.14778,5.16402
7.93709,6.17274,5.25399
7.9729,6.1977,5.34396
8.0087,6.22266,5.43393
8.04451,6.24762,5.52391
8.08031,6.27258,5.61388
8.11612,6.29754,5.70385
8.15193,6.3225,5.79382
8.18773,6.34746,5.88379
8.22354,6.37242,5.97377
8.25934,6.39738,6.06374
8.29515,6.42234,6.15371
8.33095,6.4473,6.24368
7.98002,6.08791,5.1493
8.01582,6.11287,5.23927
8.05163,6.13783,5.32924
8.08744,6.16279,5.41921
8.12324,6.18775,5.50918
8.15905,6.21271,5.59916
8.19485,6.23767,5.68913
8.23066,6.26263,5.7791
8.26646,6.28759,5.86907
8.30227,6.31255,5.95904
8.33808,6.33751,6.04901
8.37388,6.36247,6.13899
8.40969,6.38743,6.22896
8.44549,6.41239,6.31893
8.05875,6.02804,5.13457
8.09456,6.053,5.22454
8.13036,6.07796,5.31452
8.16617,6.10292,5.40449
8.20197,6.12788,5.49446
8.23778,6.15284,5.58443
8.27359,6.1778,5.6744
8.30939,6.20276,5.76438
8.3452,6.22772,5.85435
8.381,6.25268,5.94432
8.41681,6.27764,6.03429
8.45261,6.3026,6.12426
8.48842,6.32756,6.21424
8.52422,6.35252,6.30421
8.56003,6.37748,6.39418
8.13748,5.96817,5.11985
8.17329,5.99313,5.20982
8.2091,6.01809,5.29979
8.2449,6.04305,5.38976
8.28071,6.06801,5.47974
8.31651,6.09297,5.56971
8.35232,6.11793,5.65968
8.38812,6.14289,5.74965
8.42393,6.16785,5.83962
8.45973,6.19281,5.9296
8.49554,6.21777,6.01957
8.53135,6.24273,6.10954
8.56715,6.26769,6.19951
8.60296,6.29265,6.28948
8.63876,6.31761,6.37946
8.67457,6.34257,6.46943
8.21622,5.9083,5.10513
8.25202,5.93326,5.1951
8.28783,5.95822,5.28507
8.32363,5.98318,5.37504
8.35944,6.00814,5.46501
8.39525,6.0331,5.55498
8.43105,6.05806,5.64496
8.46686,6.08302,5.73493
8.50266,6.10798,5.8249
8.53847,6.13294,5.91487
8.57427,6.1579,6.00484
8.61008,6.18286,6.09482
8.64588,6.20782,6.18479
8.68169,6.23278,6.27476
8.7175,6.25774,6.36473
8.7533,6.2827,6.4547
8.78911,6.30766,6.54468
8.29495,5.84843,5.0904
8.33076,5.87339,5.18037
8.36656,5.89835,5.27035
8.40237,5.92331,5.36032
8.43817,5.94827,5.45029
8.47398,5.97323,5.54026
8.50978,5.99819,5.63023
8.54559,6.02315,5.7202
8.58139,6.04811,5.81018
8.6172,6.07307,5.90015
8.65301,6.09803,5.99012
8.68881,6.12299,6.08009
8.72462,6.14795,6.17006
8.76042,6.17291,6.26004
8.79623,6.19787,6.35001
8.83203,6.22283,6.43998
8.86784,6.24779,6.52995
8.37368,5.78856,5.07568
8.40949,5.81352,5.16565
8.44529,5.83848,5.25562
8.4811,5.86344,5.34559
8.51691,5.8884,5.43557
8.55271,5.91336,5.52554
8.58852,5.93832,5.61551
8.62432,5.96328,5.70548
8.66013,5.98824,5.79545
8.69593,6.0132,5.88543
8.73174,6.03816,5.9754
8.76754,6.06312,6.06537
8.80335,6.08808,6.15534
8.83916,6.11304,6.24531
8.87496,6.138,6.33528
8.91077,6.16296,6.42526
8.45242,5.72869,5.06095
8.48822,5.75365,5.15093
8.52403,5.77861,5.2409
8.55983,5.80357,5.33087
8.59564,5.82853,5.42084
8.63144,5.85349,5.51081
8.66725,5.87845,5.60079
8.70305,5.90341,5.69076
8.73886,5.92837,5.78073
8.77467,5.95333,5.8707
8.81047,5.97829,5.96067
8.84628,6.00325,6.05065
8.88208,6.02821,6.14062
8.91789,6.05317,6.23059
8.95369,6.07813,6.32056
8.9895,6.10309,6.41053
8.56695,5.69378,5.1362
8.60276,5.71874,5.22617
8.63857,5.7437,5.31615
8.67437,5.76866,5.40612
8.71018,5.79362,5.49609
8.74598,5.81858,5.58606
8.78179,5.84354,5.67603
8.81759,5.8685,5.76601
8.8534,5.89346,5.85598
8.8892,5.91842,5.94595
8.92501,5.94338,6.03592
8.96082,5.96834,6.12589
8.99662,5.9933,6.21587
9.03243,6.01826,6.30584
9.06823,6.04322,6.39581
8.93213,5.83359,5.84125
8.96794,5.85855,5.93123
9.00374,5.88351,6.0212
9.03955,5.90847,6.11117
9.07535,5.93343,6.20114
9.11116,5.95839,6.29111
9.14696,5.98335,6.38109];
