% function[motionp] = input_step(x)   
% global L1 L2;
% L1 = 0.3407;
% L2 = 0.2932;
% 
% motionp = x;
% end

%2020.1.12注释，注释原因：改成直接传入运动点
function[motionp] = input_step()   

global L1 L2;
L1 = 0.3407;
L2 = 0.2932;
% motionp =[   
% -0.2045   -0.6395         0   %实验四步规划
% -0.2045   -0.0595   -0.0000
% -0.0751    0.6020    0.7867
% 0.3905    0.5039    0.9517
% 0.6557   -0.4629    0.9102
% 0.5757   -0.9629    0.9102
%     ];

motionp = [
    0.4473   -1.4785    0.8075
    0.2385   -1.4753    0.4663
    0.5482   -1.4780    0.8226
    
    1.2717   -0.7051    0.8718
    1.2588   -0.1287    0.9350
    1.2688    0.1605    0.6589
    1.2458    0.4486    0.9983
    
    0.5514    1.2316    0.9848
    0.5927    1.2439    0.5570
    0.4022    1.2328    1.0528
    
    0.7369    0.6730    1.6250
    0.3387    0.4905    1.8620
]
    ;
end


%%//////////////////完整落足点
%     0.4473   -1.4786    0.8075
%     0.5482   -1.4781    0.8226
%     1.2720   -0.7051    0.8718
%     1.2461    0.4486    0.9983
%     0.5514    1.2316    0.9848
%     0.4022    1.2328    1.0528
%     0.7370    0.6730    1.6251
%     0.3388    0.4905    1.8621
%%////////////////////////////


%     0.4473   -1.4785    0.8075
%     0.2385   -1.4753    0.4663
%     0.5482   -1.4780    0.8226
%     
%     1.2717   -0.7051    0.8718
%     1.2588   -0.1287    0.9350
%     1.2688    0.1605    0.6589
%     1.2458    0.4486    0.9983
%     
%     0.5514    1.2316    0.9848
%     0.5927    1.2439    0.5570
%     0.4022    1.2328    1.0528
%     
%     0.7369    0.6730    1.6250
%     0.3387    0.4905    1.8620