joint_ang =1

  -55.6732   43.1500  -83.6769   40.5269  -55.6732
  -55.6732   44.4099  -83.5763   39.1664  -55.6732
  -55.6732   45.6336  -83.4086   37.7751  -55.6732
  -55.6732   46.8195  -83.1738   36.3542  -55.6732
  -55.6732   47.9664  -82.8716   34.9052  -55.6732
  -58.6901   47.9120  -82.8629   36.5298  -57.8544
  -61.7071   47.8575  -82.8541   38.1545  -60.0356
  -64.7240   47.8031  -82.8454   39.7791  -62.2167
  -67.7409   47.7487  -82.8367   41.4038  -64.3979
  -67.9974   49.5665  -85.4561   42.2054  -64.6528
  -71.0095   49.4777  -85.3980   43.8149  -66.8292
  -71.3017   51.3016  -87.8621   44.4551  -67.1186
  -74.3082   51.1778  -87.7565   46.0523  -69.2894
  -74.6347   53.0033  -90.0769   46.5469  -69.6115
  -77.6348   52.8437  -89.9259   48.1345  -71.7760
  -77.9945   54.6676  -92.1141   48.4987  -72.1290
  -78.3897   56.3823  -94.4362   49.1057  -72.5170
  -81.4356   56.1473  -94.1900   50.7058  -74.7105
  -81.8621   57.8991  -96.3450   51.1087  -75.1266
  -84.8991   57.6275  -96.0540   52.7004  -77.3115
  -85.3586   59.3851  -98.0857   52.9740  -77.7568
  -88.3858   59.0762  -97.7514   54.5599  -79.9322
  -88.8815   60.8204  -99.6965   54.7603  -80.4090
  -91.8980   60.4735  -99.3200   56.3418  -82.5740
  -92.4329   62.1893 -101.2062   56.5115  -83.0842
  -95.4375   61.8043 -100.7877   58.0892  -85.2379
  -96.0142   63.4770 -102.6346   58.2625  -85.7828
  -99.0752   63.0442 -102.1634   59.8729  -87.9739
  -99.6951   64.6588 -103.9819   60.0756  -88.5536
 -102.7413   64.1875 -103.4674   61.6812  -90.7309
 -103.4048   65.7239 -105.2677   61.9437  -91.3443
 -106.4349   65.2152 -104.7093   63.5429  -93.5066
 -109.4650   64.7064 -104.1509   65.1420  -95.6690
 -110.1598   66.2332 -105.7905   65.2531  -96.2951
 -113.1720   65.6853 -105.1901   66.8494  -98.4413
 -113.8931   67.1872 -106.7434   66.8991  -99.0819
 -116.9673   66.5839 -106.0848   68.5372 -101.2689
 -117.7186   68.0326 -107.5797   68.5813 -101.9257
 -120.7719   67.3890 -106.8796   70.2183 -104.0944
 -121.5557   68.7561 -108.3390   70.3082 -104.7683
 -124.5867   68.0734 -107.5971   71.9426 -106.9177
 -127.6176   67.3908 -106.8553   73.5769 -109.0672
 -130.6485   66.7082 -106.1134   75.2113 -111.2167
 -133.6794   66.0255 -105.3715   76.8456 -113.3662
 -136.7103   65.3429 -104.6297   78.4799 -115.5156
 -139.7412   64.6602 -103.8878   80.1143 -117.6651
 -142.7722   63.9776 -103.1460   81.7486 -119.8146
 -145.8031   63.2950 -102.4041   83.3830 -121.9641
 -148.8340   62.6123 -101.6623   85.0173 -124.1136
 -151.8649   61.9297 -100.9204   86.6517 -126.2630
 -154.8958   61.2471 -100.1786   88.2860 -128.4125
 -157.9267   60.5644  -99.4367   89.9203 -130.5620
 -160.9577   59.8818  -98.6949   91.5547 -132.7115
 -163.9886   59.1992  -97.9530   93.1890 -134.8610
 -167.0195   58.5165  -97.2112   94.8234 -137.0104
 -170.0504   57.8339  -96.4693   96.4577 -139.1599
 -173.0813   57.1513  -95.7275   98.0921 -141.3094
 -176.1122   56.4686  -94.9856   99.7264 -143.4589
 -179.1431   55.7860  -94.2438  101.3608 -145.6083
 -182.1741   55.1034  -93.5019  102.9951 -147.7578
 -185.2050   54.4207  -92.7601  104.6294 -149.9073
 -188.2359   53.7381  -92.0182  106.2638 -152.0568
 -191.2668   53.0555  -91.2764  107.8981 -154.2063
 -194.2977   52.3728  -90.5345  109.5325 -156.3557
 -197.3286   51.6902  -89.7927  111.1668 -158.5052
 -200.3596   51.0076  -89.0508  112.8012 -160.6547
 -203.3905   50.3249  -88.3089  114.4355 -162.8042
 -206.4214   49.6423  -87.5671  116.0699 -164.9537
 -209.4523   48.9597  -86.8252  117.7042 -167.1031
 -212.4832   48.2770  -86.0834  119.3385 -169.2526
 -215.5141   47.5944  -85.3415  120.9729 -171.4021
 -218.5451   46.9118  -84.5997  122.6072 -173.5516
 -221.5760   46.2291  -83.8578  124.2416 -175.7010
 -224.6069   45.5465  -83.1160  125.8759 -177.8505
 -227.6378   44.8639  -82.3741  127.5103 -180.0000
 -227.6379   43.2790  -79.3672  126.0882 -180.0000
 -227.6380   41.6483  -76.2617  124.6133 -180.0000
 -227.6380   39.9653  -73.0447  123.0795 -180.0000
 -227.6381   38.2217  -69.7006  121.4789 -180.0000
 -227.6382   36.4077  -66.2098  119.8021 -180.0000
 
 joint_ang =2

    0.0144  121.0526  -66.3794   35.3268  -47.6444
    0.0148  122.2684  -66.4761   34.2077  -47.6444
    0.0152  123.4487  -66.5001   33.0514  -47.6444
    0.0157  124.5924  -66.4514   31.8590  -47.6444
    0.0162  125.6987  -66.3299   30.6313  -47.6444
    2.0599  123.5525  -65.6794   30.2519  -44.6078
    2.8360  125.3815  -67.7699   30.5133  -44.5824
    3.7952  127.1197  -70.3126   31.3175  -44.5510
    5.8020  124.8977  -69.5635   30.9154  -41.5156
    6.3088  126.4582  -70.5062   30.2974  -41.4824
    7.0677  128.1710  -72.0919   30.1700  -41.4328
    7.9777  129.8975  -74.0225   30.3737  -41.3732
    8.9825  131.5795  -76.1477   30.8163  -41.3075
   10.0416  133.1999  -78.3536   31.4011  -41.2382
   11.1337  134.7625  -80.5773   32.0616  -41.1667
   13.0246  132.3260  -79.5887   31.6346  -38.1388
   13.8595  133.8868  -80.6258   31.1102  -38.0569
   14.8522  135.4912  -82.0346   30.9138  -37.9596
   15.9555  137.0830  -83.7327   31.0190  -37.8513
   17.1215  138.6275  -85.6064   31.3471  -37.7369
   18.3205  140.1168  -87.5686   31.8188  -37.6192
   19.5382  141.5553  -89.5670   32.3774  -37.4997
   20.7719  142.9596  -91.5549   32.9597  -37.3785
   22.0222  144.3404  -93.5126   33.5353  -37.2557
   23.2885  145.6994  -95.4406   34.1030  -37.1313
   24.5700  147.0377  -97.3402   34.6628  -37.0054
   25.8658  148.3563  -99.2133   35.2158  -36.8780
   27.1748  149.6554 -101.0619   35.7639  -36.7494
   28.4957  150.9352 -102.8884   36.3090  -36.6195
   29.8270  152.1956 -104.6951   36.8539  -36.4885
   31.1670  153.4362 -106.4846   37.4012  -36.3567
   32.5136  154.6565 -108.2593   37.9541  -36.2241
   33.8646  155.8556 -110.0216   38.5157  -36.0911
   35.2175  157.0326 -111.7739   39.0894  -35.9579
   36.6470  153.9793 -110.0314   38.4833  -32.9108
   38.0954  155.2566 -111.4904   38.6626  -32.7200
   39.5197  156.4696 -113.0593   39.0161  -32.5323
   40.9116  157.6214 -114.7031   39.5060  -32.3488
   42.2679  158.7159 -116.3980   40.1043  -32.1699
   43.5877  159.7564 -118.1283   40.7920  -31.9959
   44.7994  156.7104 -116.2833   40.1615  -29.1045
   46.1563  157.7589 -117.9250   40.7521  -28.8826
   47.4457  158.7263 -119.6413   41.4987  -28.6717
   48.5716  155.7032 -117.7627   40.8525  -25.8542
   49.9760  156.7315 -119.2809   41.3391  -25.5812
   51.2880  157.6570 -120.9274   42.0572  -25.3261
   52.5082  158.4844 -122.6557   42.9556  -25.0888
   53.5217  155.4666 -120.7101   42.2770  -22.3509
   54.8017  156.2979 -122.3440   43.0765  -22.0637
   55.9683  157.0124 -124.0716   44.0870  -21.8018
   56.9261  153.9595 -122.0496   43.3673  -19.0765
   58.0853  154.6208 -123.7519   44.4053  -18.7818
   59.0162  151.5525 -121.6903   43.6615  -16.0633
   60.0965  152.1058 -123.4236   44.8387  -15.7569
   60.9806  149.0960 -121.3696   44.0847  -13.1087
   61.8647  146.0863 -119.3157   43.3308  -10.4606
   62.7489  143.0765 -117.2617   42.5768   -7.8124
   63.6330  140.0667 -115.2078   41.8229   -5.1642
   64.5171  137.0569 -113.1538   41.0689   -2.5161
   65.4013  134.0471 -111.0998   40.3150    0.1321
   66.2854  131.0373 -109.0459   39.5610    2.7803
   67.1695  128.0275 -106.9919   38.8071    5.4284
   68.0537  125.0177 -104.9380   38.0531    8.0766
   68.9378  122.0079 -102.8840   37.2992   10.7248
   69.8220  118.9981 -100.8301   36.5452   13.3730
   70.7061  115.9883  -98.7761   35.7913   16.0211
   71.5902  112.9785  -96.7222   35.0373   18.6693
   72.4744  109.9687  -94.6682   34.2834   21.3175
   73.3585  106.9589  -92.6143   33.5294   23.9656
   74.2426  103.9492  -90.5603   32.7755   26.6138
   75.1268  100.9394  -88.5064   32.0215   29.2620
   76.0109   97.9296  -86.4524   31.2676   31.9101
   76.8951   94.9198  -84.3985   30.5136   34.5583
   77.7792   91.9100  -82.3445   29.7597   37.2065
   78.6633   88.9002  -80.2906   29.0057   39.8546
   79.5475   85.8904  -78.2366   28.2518   42.5028
